892841 879025 155865 156017 156000
457583 467837 71636 77701 73792
394298 393788 149566 157628 157515
596761 600758 126307 146090 131046
457303 457323 99526 107133 102192
760752 741754 140448 143914 143849
1160411 741412 167990 198467 186636
861703 867008 118059 162918 143967
453374 457527 117920 133138 119405
469927 469420 99380 99380 99380
708116 707932 89624 89624 89624
1114626 480106 214681 238784 228434
733140 731195 114935 126620 122137
881512 864477 99718 108752 106119
919830 929584 203227 203227 203227
160302 158115 80630 80630 80630
462479 135347 151485 174724 156724
1049766 1049374 57220 57220 57220
464601 138693 106819 106819 106819
4583 8079 159015 162248 161414
