57289 57213 104193 104193 104193
1484923 961451 85093 85697 85140
290175 289544 56182 85451 59284
698651 697587 73729 89553 86730
29633 29244 128591 161052 143025
370240 352892 166838 166838 166838
750555 1388361 145042 166993 148998
1156818 237827 93514 107117 95088
500484 1275620 35309 35309 35309
613884 656094 97257 99995 99469
744131 744048 45846 46030 45962
165875 1123757 70323 79971 70428
613708 615826 82869 106580 95998
984030 985410 91346 115345 104426
254054 1163591 99227 99227 99227
1161992 255563 156718 159641 159362
453315 445017 128696 128696 128696
399401 395145 131293 131293 131293
389339 1225347 63676 82613 65487
1474700 1428828 168704 168704 168704
