4968 5025 79750 79750 79750
47086 47074 8531 8531 8531
38376 38203 16491 16491 16491
139609 253549 13390 13390 13390
175815 175437 70736 70736 70736
127408 127857 22968 22968 22968
126228 126283 37129 37129 37129
110605 110052 9328 9328 9328
117655 117580 41007 41007 41007
25088 14245 15155 15155 15155
154969 155056 26094 26094 26094
145244 145680 13579 13579 13579
11708 11841 38990 38990 38990
25642 27451 18176 18176 18176
111502 103334 16946 16946 16946
106849 106692 10061 10061 10061
247769 247781 3931 3931 3931
48182 48154 25781 25781 25781
251144 251089 16563 16563 16563
126671 126824 32827 32827 32827
