1219784 378308 305173 356751 344538
970231 1496368 157312 184632 168198
695971 701610 160180 252829 180958
960721 911673 293119 307644 297359
981778 390957 183893 225683 195556
636088 694504 165439 179493 169730
1431712 1433650 173517 173517 173517
1026838 1515159 160888 211302 184768
422828 422671 152726 169664 168956
1116016 1031926 144187 229799 202032
1333386 637344 194532 289465 230530
262246 256929 110891 114527 113965
533598 534020 336668 361431 351727
721332 351964 115791 115791 115791
1149348 1145921 211416 233270 223476
656836 690257 138254 189765 168380
212454 232256 213012 241670 219185
954756 950224 210325 243624 219537
1295725 1250579 220818 221439 221040
336019 336415 181768 205613 202039
