534466 534877 316702 318462 317445
540659 537015 263556 274339 265273
1098946 331835 181708 181708 181708
113722 117003 217611 261540 220410
202413 201563 213910 216386 215873
155017 159609 494331 494331 494331
875078 872767 249648 281033 263911
728035 707298 381499 451509 429244
930869 926724 195170 249891 225801
1117251 462269 224731 256320 249698
13873 14272 242437 352086 268526
873374 866669 401977 515916 406299
1053362 29312 156876 165447 164786
10036 13716 278841 304149 283372
1187514 709750 516985 532466 531594
954947 959866 257502 337973 324861
1193498 946541 252730 401793 304259
896621 900256 257092 287973 280746
540686 132290 246985 252418 250450
476082 480423 381938 387537 385281
