41052 40480 44410 44410 44410
161728 161924 52865 52865 52865
54381 54459 44967 52978 48864
187662 188093 51630 51630 51630
198897 199537 29989 37543 36611
201047 206297 35869 36180 35954
94458 94433 56501 56501 56501
219491 224483 72078 72078 72078
205559 206823 60111 63916 61291
28444 28608 42948 42948 42948
184374 184322 34705 34705 34705
155082 159849 57969 59995 59676
91323 83020 67055 67055 67055
129952 126977 29786 35965 30339
144466 195571 35865 35865 35865
76990 67487 59968 59968 59968
201484 209671 43047 43047 43047
196358 145289 40038 40038 40038
221377 221749 35240 35240 35240
162697 161330 79839 79839 79839
